100
1 205 2016
2 1726 662
3 1782 2086
4 446 1544
5 16 1747
6 743 2011
7 532 2485
8 390 2030
9 1868 544
10 1745 722
11 728 1723
12 1292 1672
13 1281 2005
14 1100 2216
15 1186 1480
16 223 521
17 156 1063
18 1662 1079
19 390 679
20 1925 1876
21 542 1463
22 908 2152
23 1169 1052
24 43 432
25 1156 2301
26 637 1084
27 1521 2115
28 1059 1906
29 314 166
30 1307 1968
31 1886 2400
32 4 141
33 593 1176
34 1537 1615
35 888 1347
36 946 1783
37 1686 2383
38 61 1761
39 267 619
40 1448 31
41 1894 849
42 421 1944
43 685 1370
44 886 2088
45 1195 474
46 1613 684
47 1281 1545
48 679 1339
49 840 2048
50 414 2076
51 1234 1446
52 716 1209
53 771 295
54 1330 2264
55 882 164
56 1576 1335
57 1977 910
58 1303 1482
59 1034 2132
60 1217 1320
61 1940 125
62 423 480
63 2 331
64 207 1893
65 432 2275
66 1686 777
67 1096 329
68 141 52
69 1178 2460
70 19 1539
71 1806 2112
72 392 1141
73 1148 1154
74 2000 305
75 999 1193
76 1525 892
77 1602 1131
78 829 490
79 164 694
80 1562 1345
81 772 1354
82 1820 1694
83 1205 1614
84 848 2307
85 990 1562
86 2000 1700
87 461 1721
88 134 1699
89 1202 467
90 905 1161
91 907 1133
92 252 480
93 1935 928
94 784 1230
95 1231 856
96 252 2095
97 706 2203
98 984 1392
99 1148 534
100 1851 390
