150
1 37 541
2 612 494
3 38 353
4 53 131
5 143 632
6 690 469
7 113 529
8 141 505
9 661 446
10 99 385
11 697 180
12 536 287
13 192 20
14 283 230
15 241 282
16 247 322
17 650 62
18 353 667
19 633 535
20 488 437
21 141 228
22 17 240
23 398 231
24 566 282
25 476 469
26 322 550
27 398 75
28 673 433
29 571 530
30 105 483
31 357 68
32 400 254
33 282 427
34 59 507
35 190 460
36 660 227
37 639 467
38 415 233
39 547 162
40 617 339
41 495 148
42 630 433
43 471 314
44 138 137
45 92 110
46 391 424
47 565 429
48 55 439
49 334 154
50 531 612
51 476 386
52 229 410
53 578 321
54 359 404
55 486 593
56 343 509
57 530 138
58 499 576
59 224 312
60 596 82
61 662 217
62 44 305
63 79 446
64 210 131
65 432 629
66 623 69
67 437 283
68 59 40
69 631 230
70 579 601
71 118 113
72 298 166
73 23 456
74 260 11
75 342 599
76 10 489
77 315 273
78 221 270
79 192 314
80 272 225
81 531 504
82 43 656
83 396 539
84 119 509
85 396 700
86 559 561
87 23 526
88 136 326
89 141 485
90 397 461
91 88 20
92 350 421
93 217 466
94 131 351
95 73 646
96 145 457
97 212 595
98 50 541
99 657 558
100 177 649
101 500 199
102 634 613
103 60 552
104 15 143
105 283 376
106 147 39
107 102 635
108 588 581
109 457 350
110 537 473
111 269 367
112 240 103
113 88 384
114 659 584
115 98 157
116 507 233
117 500 65
118 594 276
119 66 24
120 598 415
121 172 344
122 299 252
123 304 21
124 198 512
125 56 243
126 256 449
127 608 223
128 70 78
129 398 120
130 635 133
131 378 272
132 485 677
133 279 300
134 382 360
135 558 595
136 249 77
137 563 670
138 399 393
139 591 371
140 558 0
141 461 531
142 355 685
143 194 670
144 352 140
145 308 115
146 300 531
147 334 152
148 691 135
149 48 271
150 92 166
